<?xml version="1.0" encoding="UTF-8"?>
<kml xmlns="http://www.opengis.net/kml/2.2" xmlns:atom="http://www.w3.org/2005/Atom" xmlns:gx="http://www.google.com/kml/ext/2.2" xmlns:kml="http://www.opengis.net/kml/2.2">
  <Document id="root_doc">
    <name>LUIZINHO14_12.kml</name>
    <open>1</open>
    <atom:link href="https://www.google.com/earth/about/versions/#earth-pro" rel="app" title="Google Earth Pro 7.3.6.10441"/>
    <Style id="COLOR0">
      <LineStyle>
        <width>2</width>
      </LineStyle>
      <PolyStyle>
        <fill>0</fill>
      </PolyStyle>
    </Style>
    <Style id="COLOR2">
      <LineStyle>
        <color>ff00ffff</color>
        <width>2</width>
      </LineStyle>
      <PolyStyle>
        <fill>0</fill>
      </PolyStyle>
    </Style>
    <Style id="COLOR7">
      <LineStyle>
        <width>2</width>
      </LineStyle>
      <PolyStyle>
        <fill>0</fill>
      </PolyStyle>
    </Style>
    <Placemark>
      <name>LINHA-1</name>
      <styleUrl>#COLOR7</styleUrl>
      <LineString>
        <tessellate>1</tessellate>
        <coordinates>
          -43.386265954412,-21.909178844905,0
          -43.385610120135,-21.909565622418,0
        </coordinates>
      </LineString>
    </Placemark>
    <Placemark>
      <name>PLINHA-2</name>
      <styleUrl>#COLOR7</styleUrl>
      <LineString>
        <tessellate>1</tessellate>
        <coordinates>
          -43.38637582482,-21.909607760145,0
          -43.38599415333,-21.909063040618,0
          -43.385992396817,-21.909060551477,0
          -43.386150720849,-21.90897482468,0
        </coordinates>
      </LineString>
    </Placemark>
    <Placemark>
      <name>LINHA-3</name>
      <styleUrl>#COLOR7</styleUrl>
      <LineString>
        <tessellate>1</tessellate>
        <coordinates>
          -43.386234930316,-21.909133037001,0
          -43.385579096183,-21.909519814399,0
        </coordinates>
      </LineString>
    </Placemark>
    <Placemark>
      <name>PLINHA-4</name>
      <styleUrl>#COLOR7</styleUrl>
      <LineString>
        <tessellate>1</tessellate>
        <coordinates>
          -43.386327220965,-21.909637415117,0
          -43.385945601402,-21.909092769421,0
          -43.38590994826,-21.909042245581,0
          -43.386122496081,-21.908928346291,0
        </coordinates>
      </LineString>
    </Placemark>
    <Placemark>
      <name>PLINHA-5</name>
      <styleUrl>#COLOR7</styleUrl>
      <LineString>
        <tessellate>1</tessellate>
        <coordinates>
          -43.386044589801,-21.909135023555,0
          -43.386099322573,-21.909213011905,0
          -43.386235635916,-21.909132564086,0
          -43.386198195027,-21.909056579531,0
          -43.386044589801,-21.909135023555,0
        </coordinates>
      </LineString>
    </Placemark>
    <Placemark>
      <name>PLINHA-6</name>
      <styleUrl>#COLOR7</styleUrl>
      <LineString>
        <tessellate>1</tessellate>
        <coordinates>
          -43.385992396817,-21.909060551477,0
          -43.386044589801,-21.909135023555,0
          -43.386198195027,-21.909056579531,0
          -43.386150720988,-21.908974825229,0
          -43.385992396817,-21.909060551477,0
        </coordinates>
      </LineString>
    </Placemark>
    <Placemark>
      <name>PLINHA-7</name>
      <styleUrl>#COLOR7</styleUrl>
      <LineString>
        <tessellate>1</tessellate>
        <coordinates>
          -43.386131062243,-21.909258436841,0
          -43.386190017151,-21.909342577021,0
          -43.386325769588,-21.909272307132,0
          -43.386265200194,-21.909179234359,0
          -43.386131062243,-21.909258436841,0
        </coordinates>
      </LineString>
    </Placemark>
    <Placemark>
      <name>PLINHA-8</name>
      <styleUrl>#COLOR7</styleUrl>
      <LineString>
        <tessellate>1</tessellate>
        <coordinates>
          -43.386190017151,-21.909342577021,0
          -43.386254655013,-21.909434827756,0
          -43.386379060852,-21.909354186162,0
          -43.38632571043,-21.909272211002,0
          -43.386190017151,-21.909342577021,0
        </coordinates>
      </LineString>
    </Placemark>
    <Placemark>
      <name>PLINHA-9</name>
      <styleUrl>#COLOR7</styleUrl>
      <LineString>
        <tessellate>1</tessellate>
        <coordinates>
          -43.386254655013,-21.909434827756,0
          -43.386319292956,-21.909527078469,0
          -43.386438606745,-21.9094456808,0
          -43.386379060852,-21.909354186162,0
          -43.386254655013,-21.909434827756,0
        </coordinates>
      </LineString>
    </Placemark>
    <Placemark>
      <name>PLINHA-10</name>
      <styleUrl>#COLOR7</styleUrl>
      <LineString>
        <tessellate>1</tessellate>
        <coordinates>
          -43.386319292956,-21.909527078469,0
          -43.38637582482,-21.909607760145,0
          -43.386492921778,-21.909529137899,0
          -43.386438606745,-21.9094456808,0
          -43.386319292956,-21.909527078469,0
        </coordinates>
      </LineString>
    </Placemark>
    <Placemark>
      <name>PLINHA-11</name>
      <styleUrl>#COLOR7</styleUrl>
      <LineString>
        <tessellate>1</tessellate>
        <coordinates>
          -43.386199689725,-21.909456768688,0
          -43.386112063197,-21.909511901332,0
          -43.385991011784,-21.909340992598,0
          -43.386081989125,-21.909287421904,0
          -43.386199689725,-21.909456768688,0
        </coordinates>
      </LineString>
    </Placemark>
    <Placemark>
      <name>PLINHA-12</name>
      <styleUrl>#COLOR7</styleUrl>
      <LineString>
        <tessellate>1</tessellate>
        <coordinates>
          -43.386112063196,-21.909511901332,0
          -43.385991011784,-21.909340992598,0
          -43.385900844885,-21.909394168431,0
          -43.386018638267,-21.909570682097,0
          -43.386112063196,-21.909511901332,0
        </coordinates>
      </LineString>
    </Placemark>
    <Placemark>
      <name>PLINHA-13</name>
      <styleUrl>#COLOR7</styleUrl>
      <LineString>
        <tessellate>1</tessellate>
        <coordinates>
          -43.386018638267,-21.909570682097,0
          -43.385900844885,-21.909394168431,0
          -43.385807484582,-21.909449203725,0
          -43.385922712807,-21.909631036028,0
          -43.386018638267,-21.909570682097,0
        </coordinates>
      </LineString>
    </Placemark>
    <Placemark>
      <name>PLINHA-14</name>
      <styleUrl>#COLOR7</styleUrl>
      <LineString>
        <tessellate>1</tessellate>
        <coordinates>
          -43.385922712807,-21.909631036028,0
          -43.385807484582,-21.909449203725,0
          -43.38571153951,-21.909505810776,0
          -43.385835654629,-21.909684698733,0
          -43.385922712807,-21.909631036028,0
        </coordinates>
      </LineString>
    </Placemark>
    <Placemark>
      <name>PLINHA-15</name>
      <styleUrl>#COLOR7</styleUrl>
      <LineString>
        <tessellate>1</tessellate>
        <coordinates>
          -43.385737949333,-21.909741847296,0
          -43.385610120135,-21.909565622418,0
          -43.385521388757,-21.909678562072,0
          -43.385647618559,-21.909809907268,0
          -43.385737949333,-21.909741847296,0
        </coordinates>
      </LineString>
    </Placemark>
    <Placemark>
      <name>PLINHA-16</name>
      <styleUrl>#COLOR7</styleUrl>
      <LineString>
        <tessellate>1</tessellate>
        <coordinates>
          -43.385835654629,-21.909684698733,0
          -43.38571153951,-21.909505810776,0
          -43.385610120135,-21.909565622418,0
          -43.385737949333,-21.909741847296,0
          -43.385835654629,-21.909684698733,0
        </coordinates>
      </LineString>
    </Placemark>
    <Placemark>
      <name>PLINHA-17</name>
      <styleUrl>#COLOR7</styleUrl>
      <LineString>
        <tessellate>1</tessellate>
        <coordinates>
          -43.385956562685,-21.909885158777,0
          -43.385835654629,-21.909684698733,0
          -43.385737949333,-21.909741847296,0
          -43.385868850094,-21.909938490521,0
          -43.385956562685,-21.909885158777,0
        </coordinates>
      </LineString>
    </Placemark>
    <Placemark>
      <name>PLINHA-18</name>
      <styleUrl>#COLOR7</styleUrl>
      <LineString>
        <tessellate>1</tessellate>
        <coordinates>
          -43.386053309928,-21.909812011431,0
          -43.385922712807,-21.909631036028,0
          -43.385835654629,-21.909684698733,0
          -43.385956562685,-21.909885158777,0
          -43.386053309928,-21.909812011431,0
        </coordinates>
      </LineString>
    </Placemark>
    <Placemark>
      <name>PLINHA-19</name>
      <styleUrl>#COLOR7</styleUrl>
      <LineString>
        <tessellate>1</tessellate>
        <coordinates>
          -43.386151648906,-21.909751591833,0
          -43.386018638267,-21.909570682097,0
          -43.385922712807,-21.909631036028,0
          -43.386054156717,-21.909813859805,0
          -43.386151648906,-21.909751591833,0
        </coordinates>
      </LineString>
    </Placemark>
    <Placemark>
      <name>PLINHA-20</name>
      <styleUrl>#COLOR7</styleUrl>
      <LineString>
        <tessellate>1</tessellate>
        <coordinates>
          -43.386199699385,-21.909456782359,0
          -43.386112063197,-21.909511901332,0
          -43.386239361283,-21.909698259924,0
          -43.386326462096,-21.909636332068,0
          -43.386199699385,-21.909456782359,0
        </coordinates>
      </LineString>
    </Placemark>
    <Placemark>
      <name>PLINHA-21</name>
      <styleUrl>#COLOR7</styleUrl>
      <LineString>
        <tessellate>1</tessellate>
        <coordinates>
          -43.386237013673,-21.909691980949,0
          -43.386112063197,-21.909511901332,0
          -43.386018638267,-21.909570682097,0
          -43.386146637478,-21.909750866683,0
          -43.386237013673,-21.909691980949,0
        </coordinates>
      </LineString>
    </Placemark>
    <Placemark>
      <name>PLINHA-22</name>
      <styleUrl>#COLOR7</styleUrl>
      <LineString>
        <tessellate>1</tessellate>
        <coordinates>
          -43.385777059392,-21.909995153212,0
          -43.385647680945,-21.909809870778,0
          -43.385549975493,-21.909867019218,0
          -43.385677332112,-21.910058338707,0
          -43.385777059392,-21.909995153212,0
        </coordinates>
      </LineString>
    </Placemark>
    <Placemark>
      <name>PLINHA-23</name>
      <styleUrl>#COLOR7</styleUrl>
      <LineString>
        <tessellate>1</tessellate>
        <coordinates>
          -43.385647680399,-21.909809871597,0
          -43.385521388757,-21.909678562072,0
          -43.385439420949,-21.909783164875,0
          -43.385454012932,-21.909791272475,0
          -43.385468822144,-21.909805011169,0
          -43.385480431916,-21.90982606411,0
          -43.385483764123,-21.909852045512,0
          -43.385481332431,-21.909866311848,0
          -43.385473173117,-21.909882549369,0
          -43.385548008184,-21.909867366341,0
          -43.385647680399,-21.909809871597,0
        </coordinates>
      </LineString>
    </Placemark>
    <Placemark>
      <name>PLINHA-24</name>
      <styleUrl>#COLOR7</styleUrl>
      <LineString>
        <tessellate>1</tessellate>
        <coordinates>
          -43.385581866497,-21.910118823971,0
          -43.385444579648,-21.909909618761,0
          -43.385439776272,-21.909911791135,0
          -43.385421640523,-21.909915765623,0
          -43.385405707335,-21.909916475189,0
          -43.385387178216,-21.909913063738,0
          -43.385346592034,-21.909966337314,0
          -43.385488435188,-21.91017802023,0
          -43.385581866497,-21.910118823971,0
        </coordinates>
      </LineString>
    </Placemark>
    <Placemark>
      <name>PLINHA-25</name>
      <styleUrl>#COLOR7</styleUrl>
      <LineString>
        <tessellate>1</tessellate>
        <coordinates>
          -43.385677332112,-21.910058338707,0
          -43.385549975493,-21.909867019218,0
          -43.385475140426,-21.909882202247,0
          -43.385463326743,-21.909897132845,0
          -43.385452384639,-21.909906050901,0
          -43.385444579648,-21.909909618761,0
          -43.385581866497,-21.910118823971,0
          -43.385677332112,-21.910058338707,0
        </coordinates>
      </LineString>
    </Placemark>
    <Placemark>
      <name>PLINHA-26</name>
      <styleUrl>#COLOR7</styleUrl>
      <LineString>
        <tessellate>1</tessellate>
        <coordinates>
          -43.385338449676,-21.909830087725,0
          -43.385156720756,-21.909538247981,0
          -43.385010255591,-21.909600598337,0
          -43.385056566896,-21.9096836024,0
          -43.384566913564,-21.909894849757,0
          -43.384706432849,-21.910233307373,0
          -43.384828626312,-21.910200093259,0
          -43.384930933576,-21.910157606153,0
          -43.38504156988,-21.910120606361,0
          -43.385144838779,-21.910072337636,0
          -43.385246348713,-21.910020381993,0
          -43.385346592034,-21.909966337314,0
          -43.385387178216,-21.909913063738,0
          -43.385370287248,-21.90990535633,0
          -43.385353832297,-21.909891940983,0
          -43.385345922964,-21.909881258404,0
          -43.385339285191,-21.909866628901,0
          -43.385336563462,-21.909852003976,0
          -43.385336645727,-21.909839398721,0
          -43.385338449676,-21.909830087725,0
        </coordinates>
      </LineString>
    </Placemark>
    <Placemark>
      <name>PLINHA-27</name>
      <styleUrl>#COLOR7</styleUrl>
      <LineString>
        <tessellate>1</tessellate>
        <coordinates>
          -43.385387954052,-21.91023420011,0
          -43.385246348713,-21.910020381993,0
          -43.385144838779,-21.910072337636,0
          -43.385293280466,-21.910284924508,0
          -43.385387954052,-21.91023420011,0
        </coordinates>
      </LineString>
    </Placemark>
    <Placemark>
      <name>PLINHA-28</name>
      <styleUrl>#COLOR7</styleUrl>
      <LineString>
        <tessellate>1</tessellate>
        <coordinates>
          -43.385488435188,-21.91017802023,0
          -43.385346592034,-21.909966337314,0
          -43.385246348713,-21.910020381993,0
          -43.385388551278,-21.91023437371,0
          -43.385488435188,-21.91017802023,0
        </coordinates>
      </LineString>
    </Placemark>
    <Placemark>
      <name>PLINHA-29</name>
      <styleUrl>#COLOR7</styleUrl>
      <LineString>
        <tessellate>1</tessellate>
        <coordinates>
          -43.385181656539,-21.910330326976,0
          -43.38504156988,-21.910120606361,0
          -43.384930933576,-21.910157606153,0
          -43.385075026612,-21.910374069186,0
          -43.385181656539,-21.910330326976,0
        </coordinates>
      </LineString>
    </Placemark>
    <Placemark>
      <name>PLINHA-30</name>
      <styleUrl>#COLOR7</styleUrl>
      <LineString>
        <tessellate>1</tessellate>
        <coordinates>
          -43.385293280466,-21.910284924508,0
          -43.385144838779,-21.910072337636,0
          -43.38504156988,-21.910120606361,0
          -43.385181059313,-21.910330153375,0
          -43.385293280466,-21.910284924508,0
        </coordinates>
      </LineString>
    </Placemark>
    <Placemark>
      <name>PLINHA-31</name>
      <styleUrl>#COLOR7</styleUrl>
      <LineString>
        <tessellate>1</tessellate>
        <coordinates>
          -43.385074429386,-21.910373895584,0
          -43.384930933576,-21.910157606153,0
          -43.384828626312,-21.910200093259,0
          -43.384967266342,-21.910418960601,0
          -43.385074429386,-21.910373895584,0
        </coordinates>
      </LineString>
    </Placemark>
    <Placemark>
      <name>PLINHA-32</name>
      <styleUrl>#COLOR7</styleUrl>
      <LineString>
        <tessellate>1</tessellate>
        <coordinates>
          -43.384967266342,-21.910418960601,0
          -43.384828626312,-21.910200093259,0
          -43.384706432849,-21.910233307373,0
          -43.38474285302,-21.910312004573,0
          -43.384841461836,-21.910465772925,0
          -43.384967266342,-21.910418960601,0
        </coordinates>
      </LineString>
    </Placemark>
    <Placemark>
      <name>PLINHA-33</name>
      <styleUrl>#COLOR7</styleUrl>
      <LineString>
        <tessellate>1</tessellate>
        <coordinates>
          -43.384917705577,-21.90940977077,0
          -43.384670745257,-21.909377298058,0
          -43.384578194731,-21.909380852358,0
          -43.38442433535,-21.909814724324,0
          -43.384454819937,-21.9098150215,0
          -43.384482030131,-21.909820717785,0
          -43.384502017474,-21.909828585217,0
          -43.384517405798,-21.909837229029,0
          -43.384720831114,-21.909602181837,0
          -43.384959349223,-21.909504988837,0
          -43.385104330793,-21.909449960678,0
          -43.3850820804,-21.909413833717,0
          -43.384917705577,-21.90940977077,0
          -43.384917705577,-21.90940977077,0
        </coordinates>
      </LineString>
    </Placemark>
    <Placemark>
      <name>PLINHA-34</name>
      <styleUrl>#COLOR7</styleUrl>
      <LineString>
        <tessellate>1</tessellate>
        <coordinates>
          -43.385429655557,-21.909709229213,0
          -43.385158146542,-21.90936699333,0
          -43.3850820804,-21.909413833717,0
          -43.385338448657,-21.909830086088,0
          -43.385344074628,-21.909815774677,0
          -43.385351822803,-21.909804139884,0
          -43.385362640323,-21.909793585632,0
          -43.385376364442,-21.909785010193,0
          -43.385384330618,-21.909767196276,0
          -43.385429655557,-21.909709229213,0
        </coordinates>
      </LineString>
    </Placemark>
    <Placemark>
      <name>PLINHA-35</name>
      <styleUrl>#COLOR7</styleUrl>
      <LineString>
        <tessellate>1</tessellate>
        <coordinates>
          -43.384421595165,-21.909813964552,0
          -43.384578228607,-21.909380758666,0
          -43.384508200158,-21.90936450737,0
          -43.384417694883,-21.909333163624,0
          -43.384311297767,-21.909318985821,0
          -43.384201638175,-21.909447886536,0
          -43.384147212698,-21.909563821635,0
          -43.384140314234,-21.909640674896,0
          -43.384088755514,-21.909755549975,0
          -43.384099625222,-21.909867264998,0
          -43.384105695457,-21.909917007975,0
          -43.384147903498,-21.909971931326,0
          -43.384296642968,-21.909952063858,0
          -43.384297570369,-21.9099256867,0
          -43.384304659698,-21.909898821386,0
          -43.384314376369,-21.909879144443,0
          -43.384330913545,-21.909857443037,0
          -43.384344299055,-21.909845036445,0
          -43.384365440728,-21.909830934824,0
          -43.384390487373,-21.909820275313,0
          -43.384421595165,-21.909813964552,0
        </coordinates>
      </LineString>
    </Placemark>
    <Placemark>
      <name>PLINHA-36</name>
      <styleUrl>#COLOR7</styleUrl>
      <LineString>
        <tessellate>1</tessellate>
        <coordinates>
          -43.384592973033,-21.910585434971,0
          -43.384372458601,-21.910058880664,0
          -43.38435596507,-21.910048582157,0
          -43.384340950808,-21.910036712984,0
          -43.384329022013,-21.910024349875,0
          -43.384319624539,-21.910011799393,0
          -43.384312638122,-21.909999816459,0
          -43.384304477245,-21.909979764949,0
          -43.384300841532,-21.909964623101,0
          -43.384299383154,-21.909952823632,0
          -43.384150643683,-21.909972691102,0
          -43.384197672949,-21.910107360055,0
          -43.384331572694,-21.910461015275,0
          -43.384415513809,-21.910658182158,0
          -43.384592973033,-21.910585434971,0
        </coordinates>
      </LineString>
    </Placemark>
    <Placemark>
      <name>PLINHA-37</name>
      <styleUrl>#COLOR7</styleUrl>
      <LineString>
        <tessellate>1</tessellate>
        <coordinates>
          -43.3847059831,-21.910325587927,0
          -43.38464061163,-21.910217816764,0
          -43.384514381739,-21.910052411676,0
          -43.38449776133,-21.910060544895,0
          -43.384480403925,-21.910067121622,0
          -43.384464712386,-21.910071015328,0
          -43.384444494598,-21.910073446309,0
          -43.384426336873,-21.910073267886,0
          -43.384411035251,-21.910071381176,0
          -43.384392079382,-21.910066724505,0
          -43.384372458601,-21.910058880664,0
          -43.384592973033,-21.910585434971,0
          -43.384692438607,-21.910528223411,0
          -43.38476521443,-21.910484405219,0
          -43.3847059831,-21.910325587927,0
        </coordinates>
      </LineString>
    </Placemark>
    <Placemark>
      <name>PLINHA-38</name>
      <styleUrl>#COLOR2</styleUrl>
      <LineString>
        <tessellate>1</tessellate>
        <coordinates>
          -43.384118944074,-21.910743543982,0
          -43.384281729155,-21.910701355556,0
          -43.384319520535,-21.910689279716,0
          -43.384366609103,-21.910674282742,0
          -43.384415513809,-21.910658182158,0
          -43.3842174173,-21.910165986436,0
          -43.384147903498,-21.909971931326,0
          -43.384105695457,-21.909917007975,0
          -43.384099625222,-21.909867264998,0
          -43.384088755514,-21.909755549975,0
          -43.384140314234,-21.909640674896,0
          -43.384147212698,-21.909563821635,0
          -43.384201638175,-21.909447886536,0
          -43.384305663671,-21.909317171621,0
          -43.384406478935,-21.909330605627,0
          -43.384502566057,-21.909362693176,0
          -43.384578194731,-21.909380852358,0
          -43.384670745257,-21.909377298058,0
          -43.384917705577,-21.90940977077,0
          -43.3850820804,-21.909413833717,0
          -43.385158146542,-21.90936699333,0
          -43.385265323759,-21.909296031849,0
          -43.38536425402,-21.909228637146,0
          -43.385461475116,-21.909170401324,0
          -43.38555489975,-21.909113011615,0
          -43.385641934294,-21.909059360145,0
          -43.38573887507,-21.909003311588,0
          -43.385835994572,-21.908944818725,0
          -43.385650623049,-21.908689925021,0
          -43.385602335371,-21.908680418547,0
          -43.385563420146,-21.908698100777,0
          -43.385524403131,-21.908724814061,0
          -43.385475911749,-21.908733370227,0
          -43.385446674417,-21.908751147408,0
          -43.385417538866,-21.90875989352,0
          -43.385397877656,-21.908786796739,0
          -43.385367825973,-21.908876822408,0
          -43.385316858687,-21.908930514532,0
          -43.385255698144,-21.908983398504,0
          -43.385210449318,-21.909076825887,0
          -43.38519586587,-21.90912772543,0
          -43.385175568229,-21.909163165041,0
          -43.385151138067,-21.909164102842,0
          -43.385133982751,-21.909180631359,0
          -43.385035177927,-21.909192785711,0
          -43.384986980525,-21.909184687147,0
          -43.384927302604,-21.909172857657,0
          -43.384855876284,-21.909169224958,0
          -43.38480652009,-21.909158480318,0
          -43.384774737406,-21.909156336107,0
          -43.384759620205,-21.909166682037,0
          -43.384666202777,-21.909175858592,0
          -43.38462735266,-21.909192780752,0
          -43.384609053451,-21.909215672608,0
          -43.384567700457,-21.909231350034,0
          -43.384532122225,-21.909253750936,0
          -43.384480052759,-21.909272900292,0
          -43.384388047418,-21.909264750552,0
          -43.384388047418,-21.909264750552,0
          -43.38423475104,-21.909154932345,0
          -43.38410977708,-21.909089976521,0
          -43.383982372638,-21.909149752592,0
          -43.383958097827,-21.909236310354,0
          -43.383960634528,-21.909321148132,0
          -43.383911225907,-21.90941098332,0
          -43.383900529078,-21.9095011988,0
          -43.383900529078,-21.9095011988,0
          -43.383900529078,-21.9095011988,0
          -43.383859902188,-21.909557483738,0
          -43.3838785449,-21.909620891284,0
          -43.383839119768,-21.909683728351,0
          -43.383847575042,-21.909792196093,0
          -43.383894946068,-21.909882982044,0
          -43.383923164935,-21.90995551572,0
          -43.383882822697,-21.910099632285,0
          -43.383891787464,-21.910162944749,0
          -43.383920108264,-21.910226447371,0
          -43.383987548703,-21.910254206074,0
          -43.383996921063,-21.910281394314,0
          -43.384006089657,-21.910326644664,0
          -43.384044496092,-21.910354118121,0
          -43.384084511882,-21.910352019486,0
          -43.384084511882,-21.910352019486,0
          -43.384101952955,-21.910408874876,0
          -43.38405305341,-21.910453554801,0
          -43.384004459492,-21.910471141545,0
          -43.38393630572,-21.910506600227,0
          -43.383887813665,-21.910515155881,0
          -43.383887406091,-21.910551280098,0
          -43.383867846231,-21.910569152042,0
          -43.383828420804,-21.910631989083,0
          -43.383301212665,-21.910874937125,0
          -43.3831900972,-21.911029816138,0
          -43.383313287514,-21.911213293685,0
          -43.38338804851,-21.91116462476,0
          -43.383459012045,-21.91110503042,0
          -43.383532726059,-21.91103919761,0
          -43.383700069274,-21.910912198428,0
          -43.383950774744,-21.910791107611,0
          -43.384118944074,-21.910743543982,0
        </coordinates>
      </LineString>
    </Placemark>
    <Placemark>
      <name>PLINHA-39</name>
      <styleUrl>#COLOR7</styleUrl>
      <LineString>
        <tessellate>1</tessellate>
        <coordinates>
          -43.385594608156,-21.909542718409,0
          -43.385407367065,-21.90978343551,0
        </coordinates>
      </LineString>
    </Placemark>
    <Placemark>
      <name>LINHA-40</name>
      <styleUrl>#COLOR7</styleUrl>
      <LineString>
        <tessellate>1</tessellate>
        <coordinates>
          -43.386250442361,-21.909155940954,0
          -43.385594608156,-21.909542718409,0
        </coordinates>
      </LineString>
    </Placemark>
    <Placemark>
      <name>PLINHA-41</name>
      <styleUrl>#COLOR7</styleUrl>
      <LineString>
        <tessellate>1</tessellate>
        <coordinates>
          -43.386351522895,-21.909622587633,0
          -43.385969877368,-21.909077905022,0
          -43.385951172535,-21.909051398534,0
          -43.386136458438,-21.908952105149,0
        </coordinates>
      </LineString>
    </Placemark>
    <Placemark>
      <name>PLINHA-42</name>
      <styleUrl>#COLOR2</styleUrl>
      <Polygon>
        <outerBoundaryIs>
          <LinearRing>
            <coordinates>
              -43.383313405722,-21.911213315826,0
              -43.383388089664,-21.911164517999,0
              -43.383459010679,-21.911105143866,0
              -43.383532724254,-21.911039310228,0
              -43.383700067409,-21.910912311435,0
              -43.383950895124,-21.910791108899,0
              -43.384118823703,-21.910743542777,0
              -43.384281607575,-21.91070135439,0
              -43.384416769581,-21.910658307393,0
              -43.384594283508,-21.910585346431,0
              -43.384692378085,-21.910528125421,0
              -43.38476521443,-21.910484405219,0
              -43.384706092836,-21.910325634335,0
              -43.38474285302,-21.910312004573,0
              -43.384841461836,-21.910465772925,0
              -43.384967266342,-21.910418960601,0
              -43.38511885875,-21.910355636533,0
              -43.385293877691,-21.910285098109,0
              -43.385459422036,-21.910196402377,0
              -43.385810374998,-21.909974044988,0
              -43.386063936465,-21.909804923691,0
              -43.386326462096,-21.909636332068,0
              -43.38637582482,-21.909607760145,0
              -43.386492921778,-21.909529137899,0
              -43.386492921778,-21.909529137899,0
              -43.386265200194,-21.909179234359,0
              -43.386235684533,-21.909132647547,0
              -43.386198195334,-21.909056580018,0
              -43.386150721291,-21.908974825718,0
              -43.385979672425,-21.908693153141,0
              -43.385940960747,-21.908692773332,0
              -43.38589257115,-21.908692298557,0
              -43.385863639151,-21.90868298262,0
              -43.385805469878,-21.908691443927,0
              -43.385766758203,-21.908691064077,0
              -43.385728046529,-21.908690684217,0
              -43.385650623184,-21.908689924471,0
              -43.385602335371,-21.908680418547,0
              -43.385563420146,-21.908698100777,0
              -43.385524403131,-21.908724814061,0
              -43.385475911749,-21.908733370227,0
              -43.385446674417,-21.908751147408,0
              -43.385417538866,-21.90875989352,0
              -43.385397877656,-21.908786796739,0
              -43.385387894363,-21.908813794942,0
              -43.385367825973,-21.908876822408,0
              -43.385316858687,-21.908930514532,0
              -43.385255698144,-21.908983398504,0
              -43.385210449318,-21.909076825887,0
              -43.38519586587,-21.90912772543,0
              -43.3851808013,-21.90915392495,0
              -43.3851808013,-21.90915392495,0
              -43.385175568229,-21.909163165041,0
              -43.385151138067,-21.909164102842,0
              -43.385133982751,-21.909180631359,0
              -43.385077430623,-21.909187708057,0
              -43.385035177927,-21.909192785711,0
              -43.384995354802,-21.909187261086,0
              -43.384927302604,-21.909172857657,0
              -43.384891589444,-21.909171041311,0
              -43.384855876284,-21.909169224958,0
              -43.38480652009,-21.909158480318,0
              -43.384774737406,-21.909156336107,0
              -43.384759620205,-21.909166682037,0
              -43.384666202777,-21.909175858592,0
              -43.38462735266,-21.909192780752,0
              -43.384609053451,-21.909215672608,0
              -43.384567700457,-21.909231350034,0
              -43.384532122225,-21.909253750936,0
              -43.384480052759,-21.909272900292,0
              -43.384388047418,-21.909264750552,0
              -43.38423475104,-21.909154932345,0
              -43.38410977708,-21.909089976521,0
              -43.383982372638,-21.909149752592,0
              -43.383958097827,-21.909236310354,0
              -43.383960634528,-21.909321148132,0
              -43.383911225907,-21.90941098332,0
              -43.383900529078,-21.9095011988,0
              -43.383859902188,-21.909557483738,0
              -43.3838785449,-21.909620891284,0
              -43.383839119768,-21.909683728351,0
              -43.383847575042,-21.909792196093,0
              -43.383894946068,-21.909882982044,0
              -43.383923164935,-21.90995551572,0
              -43.383882822697,-21.910099632285,0
              -43.383891787464,-21.910162944749,0
              -43.383920108264,-21.910226447371,0
              -43.383987548703,-21.910254206074,0
              -43.383996921063,-21.910281394314,0
              -43.384006089657,-21.910326644664,0
              -43.384044496092,-21.910354118121,0
              -43.384084511882,-21.910352019486,0
              -43.384101952955,-21.910408874876,0
              -43.38405305341,-21.910453554801,0
              -43.384004459492,-21.910471141545,0
              -43.38393630572,-21.910506600227,0
              -43.383887813665,-21.910515155881,0
              -43.383887406091,-21.910551280098,0
              -43.383867846231,-21.910569152042,0
              -43.383828420804,-21.910631989083,0
              -43.383301212665,-21.910874937125,0
              -43.383229576746,-21.910930982537,0
              -43.3831900972,-21.911029816138,0
              -43.383313405722,-21.911213315826,0
            </coordinates>
          </LinearRing>
        </outerBoundaryIs>
      </Polygon>
    </Placemark>
    <Placemark>
      <name>PLINHA-43</name>
      <styleUrl>#COLOR0</styleUrl>
      <LineString>
        <tessellate>1</tessellate>
        <coordinates>
          -43.385957354088,-21.909296737845,0
          -43.385861535187,-21.90935324693,0
          -43.385641934294,-21.909059360145,0
          -43.38573887507,-21.909003311588,0
          -43.385957354088,-21.909296737845,0
        </coordinates>
      </LineString>
    </Placemark>
    <Placemark>
      <name>PLINHA-44</name>
      <styleUrl>#COLOR7</styleUrl>
      <LineString>
        <tessellate>1</tessellate>
        <coordinates>
          -43.385766036302,-21.909409567183,0
          -43.38555489975,-21.909113011615,0
          -43.385461475116,-21.909170401324,0
          -43.385674564894,-21.909463512143,0
          -43.385766036302,-21.909409567183,0
        </coordinates>
      </LineString>
    </Placemark>
    <Placemark>
      <name>PLINHA-45</name>
      <styleUrl>#COLOR7</styleUrl>
      <LineString>
        <tessellate>1</tessellate>
        <coordinates>
          -43.385577134279,-21.909521202038,0
          -43.38536425402,-21.909228637146,0
          -43.385265323759,-21.909296031849,0
          -43.385508241376,-21.909609045429,0
          -43.385577134279,-21.909521202038,0
        </coordinates>
      </LineString>
    </Placemark>
    <Placemark>
      <name>PLINHA-46</name>
      <styleUrl>#COLOR7</styleUrl>
      <LineString>
        <tessellate>1</tessellate>
        <coordinates>
          -43.386016680041,-21.908985048861,0
          -43.385814430381,-21.908691531849,0
          -43.385650623184,-21.908689924471,0
          -43.38590994826,-21.909042245581,0
          -43.386016680041,-21.908985048861,0
        </coordinates>
      </LineString>
    </Placemark>
    <Placemark id="LUIZINHO14_12.kml.47">
      <LineString>
        <coordinates>
          -43.385508241376,-21.909609045429,0
          -43.385429655557,-21.909709229213,0
          -43.385158146542,-21.90936699333,0
          -43.385265323759,-21.909296031849,0
          -43.385508241376,-21.909609045429,0
        </coordinates>
      </LineString>
    </Placemark>
    <Placemark id="LUIZINHO14_12.kml.48">
      <LineString>
        <coordinates>
          -43.3855800043827,-21.9095190337073,0
          -43.385579096183,-21.909519814399,0
          -43.385577134279,-21.909521202038,0
        </coordinates>
      </LineString>
    </Placemark>
  </Document>
</kml>
